t,lat,lon,el
1687601633.000000,-12.772543,45.287771,21.814000
1687601634.000000,-12.772544,45.287771,21.827000
1687601635.000000,-12.772544,45.287771,21.829000
1687601636.000000,-12.772544,45.287771,21.825000
1687601637.000000,-12.772545,45.287771,21.827000
1687601638.000000,-12.772545,45.287771,21.827000
1687601639.000000,-12.772545,45.287772,21.829000
1687601640.000000,-12.772545,45.287771,21.825000
1687601641.000000,-12.772545,45.287772,21.833000
1687601642.000000,-12.772545,45.287772,21.826000
1687601643.000000,-12.772545,45.287772,21.822000
1687601644.000000,-12.772545,45.287772,21.816000
1687601645.000000,-12.772545,45.287772,21.810000
1687601646.000000,-12.772545,45.287773,21.816000
1687601647.000000,-12.772545,45.287773,21.818000
1687601648.000000,-12.772546,45.287773,21.811000
1687601649.000000,-12.772546,45.287772,21.814000
1687601650.000000,-12.772547,45.287772,21.820000
1687601651.000000,-12.772548,45.287773,21.825000
1687601652.000000,-12.772548,45.287773,21.831000
1687601653.000000,-12.772548,45.287773,21.834000
1687601654.000000,-12.772547,45.287773,21.832000
1687601655.000000,-12.772547,45.287774,21.822000
1687601656.000000,-12.772546,45.287774,21.826000
1687601657.000000,-12.772546,45.287774,21.828000
1687601658.000000,-12.772546,45.287774,21.822000
1687601659.000000,-12.772546,45.287775,21.816000
1687601660.000000,-12.772547,45.287775,21.818000
1687601661.000000,-12.772547,45.287776,21.819000
1687601662.000000,-12.772547,45.287776,21.820000
1687601663.000000,-12.772547,45.287776,21.822000
1687601664.000000,-12.772546,45.287777,21.822000
1687601665.000000,-12.772546,45.287777,21.806000
1687601666.000000,-12.772545,45.287776,21.811000
1687601667.000000,-12.772545,45.287776,21.814000
1687601668.000000,-12.772545,45.287776,21.805000
1687601669.000000,-12.772545,45.287776,21.803000
1687601670.000000,-12.772545,45.287776,21.810000
1687601671.000000,-12.772545,45.287776,21.793000
1687601672.000000,-12.772545,45.287776,21.803000
1687601673.000000,-12.772544,45.287776,21.809000
1687601674.000000,-12.772544,45.287776,21.810000
1687601675.000000,-12.772544,45.287775,21.806000
1687601676.000000,-12.772544,45.287775,21.808000
1687601677.000000,-12.772544,45.287775,21.804000
1687601678.000000,-12.772544,45.287775,21.808000
1687601679.000000,-12.772544,45.287775,21.806000
1687601680.000000,-12.772545,45.287775,21.793000
1687601681.000000,-12.772545,45.287775,21.790000
1687601682.000000,-12.772544,45.287775,21.793000
1687601683.000000,-12.772544,45.287775,21.800000
1687601684.000000,-12.772544,45.287774,21.803000
1687601685.000000,-12.772545,45.287774,21.788000
1687601686.000000,-12.772545,45.287774,21.793000
1687601687.000000,-12.772545,45.287774,21.787000
1687601688.000000,-12.772545,45.287774,21.791000
1687601689.000000,-12.772545,45.287773,21.785000
1687601690.000000,-12.772546,45.287773,21.796000
1687601691.000000,-12.772547,45.287774,21.796000
1687601692.000000,-12.772548,45.287774,21.804000
1687601693.000000,-12.772547,45.287774,21.794000
1687601694.000000,-12.772547,45.287774,21.801000
1687601695.000000,-12.772547,45.287775,21.802000
1687601696.000000,-12.772547,45.287775,21.790000
1687601697.000000,-12.772548,45.287775,21.782000
1687601698.000000,-12.772549,45.287775,21.788000
1687601699.000000,-12.772550,45.287774,21.792000
1687601700.000000,-12.772550,45.287774,21.791000
1687601701.000000,-12.772551,45.287774,21.782000
1687601702.000000,-12.772552,45.287774,21.784000
1687601703.000000,-12.772553,45.287774,21.783000
1687601704.000000,-12.772553,45.287774,21.787000
1687601705.000000,-12.772554,45.287774,21.787000
1687601706.000000,-12.772554,45.287774,21.785000
1687601707.000000,-12.772553,45.287776,21.781000
1687601708.000000,-12.772553,45.287777,21.791000
1687601709.000000,-12.772553,45.287778,21.791000
1687601710.000000,-12.772554,45.287779,21.799000
1687601711.000000,-12.772554,45.287778,21.806000
1687601712.000000,-12.772554,45.287778,21.810000
1687601713.000000,-12.772555,45.287777,21.809000
1687601714.000000,-12.772556,45.287777,21.786000
1687601715.000000,-12.772556,45.287777,21.802000
1687601716.000000,-12.772556,45.287777,21.791000
1687601717.000000,-12.772555,45.287777,21.801000
1687601718.000000,-12.772554,45.287777,21.806000
1687601719.000000,-12.772554,45.287778,21.803000
1687601720.000000,-12.772554,45.287777,21.797000
1687601721.000000,-12.772554,45.287777,21.794000
1687601722.000000,-12.772554,45.287776,21.792000
1687601723.000000,-12.772554,45.287776,21.803000
1687601724.000000,-12.772554,45.287776,21.804000
1687601725.000000,-12.772554,45.287776,21.802000
1687601726.000000,-12.772554,45.287776,21.792000
1687601727.000000,-12.772554,45.287776,21.810000
1687601728.000000,-12.772554,45.287776,21.809000
1687601729.000000,-12.772554,45.287776,21.807000
1687601730.000000,-12.772553,45.287777,21.797000
1687601731.000000,-12.772553,45.287776,21.803000
1687601732.000000,-12.772553,45.287776,21.810000
1687601733.000000,-12.772553,45.287776,21.796000
1687601734.000000,-12.772553,45.287776,21.799000
1687601735.000000,-12.772553,45.287776,21.802000
1687601736.000000,-12.772553,45.287776,21.790000
1687601737.000000,-12.772553,45.287775,21.789000
1687601738.000000,-12.772552,45.287776,21.792000
1687601739.000000,-12.772552,45.287776,21.799000
1687601740.000000,-12.772552,45.287775,21.795000
1687601741.000000,-12.772552,45.287775,21.795000
1687601742.000000,-12.772552,45.287775,21.788000
1687601743.000000,-12.772552,45.287775,21.786000
1687601744.000000,-12.772552,45.287775,21.795000
1687601745.000000,-12.772552,45.287776,21.796000
1687601746.000000,-12.772552,45.287776,21.805000
1687601747.000000,-12.772552,45.287776,21.792000
1687601748.000000,-12.772552,45.287776,21.797000
1687601749.000000,-12.772552,45.287775,21.794000
1687601750.000000,-12.772552,45.287776,21.780000
1687601751.000000,-12.772552,45.287776,21.788000
1687601752.000000,-12.772552,45.287776,21.794000
1687601753.000000,-12.772552,45.287776,21.808000
1687601754.000000,-12.772552,45.287777,21.802000
1687601755.000000,-12.772551,45.287777,21.799000
1687601756.000000,-12.772551,45.287777,21.809000
1687601757.000000,-12.772551,45.287777,21.804000
1687601758.000000,-12.772550,45.287778,21.810000
1687601759.000000,-12.772550,45.287778,21.814000
1687601760.000000,-12.772550,45.287778,21.816000
1687601761.000000,-12.772550,45.287779,21.816000
1687601762.000000,-12.772550,45.287779,21.824000
1687601763.000000,-12.772550,45.287779,21.811000
1687601764.000000,-12.772551,45.287779,21.817000
1687601765.000000,-12.772550,45.287779,21.825000
1687601766.000000,-12.772550,45.287779,21.833000
1687601767.000000,-12.772550,45.287780,21.827000
1687601768.000000,-12.772550,45.287780,21.827000
1687601769.000000,-12.772550,45.287780,21.832000
1687601770.000000,-12.772549,45.287780,21.817000
1687601771.000000,-12.772549,45.287780,21.824000
1687601772.000000,-12.772549,45.287780,21.817000
1687601773.000000,-12.772549,45.287780,21.824000
1687601774.000000,-12.772548,45.287780,21.825000
1687601775.000000,-12.772548,45.287780,21.812000
1687601776.000000,-12.772547,45.287781,21.813000
1687601777.000000,-12.772546,45.287781,21.824000
1687601778.000000,-12.772546,45.287781,21.808000
1687601779.000000,-12.772546,45.287781,21.802000
1687601780.000000,-12.772545,45.287781,21.797000
1687601781.000000,-12.772545,45.287781,21.797000
1687601782.000000,-12.772545,45.287781,21.804000
1687601783.000000,-12.772544,45.287781,21.821000
1687601784.000000,-12.772544,45.287781,21.815000
1687601785.000000,-12.772544,45.287781,21.816000
1687601786.000000,-12.772543,45.287781,21.818000
1687601787.000000,-12.772543,45.287781,21.801000
1687601788.000000,-12.772543,45.287781,21.800000
1687601789.000000,-12.772543,45.287781,21.787000
1687601790.000000,-12.772543,45.287781,21.810000
1687601791.000000,-12.772542,45.287781,21.786000
1687601792.000000,-12.772542,45.287782,21.785000
1687601793.000000,-12.772542,45.287782,21.780000
1687601794.000000,-12.772541,45.287782,21.802000
1687601795.000000,-12.772541,45.287782,21.784000
1687601796.000000,-12.772540,45.287782,21.775000
1687601797.000000,-12.772540,45.287782,21.778000
1687601798.000000,-12.772539,45.287782,21.779000
1687601799.000000,-12.772539,45.287782,21.767000
1687601800.000000,-12.772539,45.287782,21.771000
1687601801.000000,-12.772538,45.287782,21.776000
1687601802.000000,-12.772538,45.287782,21.783000
1687601803.000000,-12.772537,45.287782,21.754000
1687601804.000000,-12.772536,45.287783,21.758000
1687601805.000000,-12.772536,45.287783,21.773000
1687601806.000000,-12.772537,45.287782,21.772000
1687601807.000000,-12.772538,45.287782,21.791000
1687601808.000000,-12.772538,45.287781,21.782000
1687601809.000000,-12.772538,45.287781,21.775000
1687601810.000000,-12.772538,45.287782,21.786000
1687601811.000000,-12.772538,45.287782,21.777000
1687601812.000000,-12.772539,45.287783,21.783000
1687601813.000000,-12.772539,45.287783,21.779000
1687601814.000000,-12.772539,45.287782,21.791000
1687601815.000000,-12.772539,45.287782,21.784000
1687601816.000000,-12.772540,45.287781,21.761000
1687601817.000000,-12.772540,45.287781,21.768000
1687601818.000000,-12.772540,45.287781,21.768000
1687601819.000000,-12.772541,45.287781,21.768000
1687601820.000000,-12.772542,45.287781,21.774000
1687601821.000000,-12.772542,45.287780,21.770000
1687601822.000000,-12.772542,45.287779,21.783000
1687601823.000000,-12.772542,45.287779,21.786000
1687601824.000000,-12.772542,45.287778,21.779000
1687601825.000000,-12.772541,45.287777,21.795000
1687601826.000000,-12.772541,45.287777,21.791000
1687601827.000000,-12.772541,45.287777,21.786000
1687601828.000000,-12.772541,45.287777,21.784000
1687601829.000000,-12.772541,45.287776,21.794000
1687601830.000000,-12.772540,45.287775,21.806000
1687601831.000000,-12.772539,45.287776,21.793000
1687601832.000000,-12.772538,45.287777,21.792000
1687601833.000000,-12.772538,45.287777,21.791000
1687601834.000000,-12.772538,45.287778,21.785000
1687601835.000000,-12.772538,45.287779,21.789000
1687601836.000000,-12.772538,45.287780,21.799000
1687601837.000000,-12.772539,45.287779,21.794000
1687601838.000000,-12.772540,45.287779,21.799000
1687601839.000000,-12.772542,45.287778,21.802000
1687601840.000000,-12.772542,45.287777,21.809000
1687601841.000000,-12.772542,45.287776,21.806000
1687601842.000000,-12.772542,45.287775,21.801000
1687601843.000000,-12.772542,45.287775,21.802000
1687601844.000000,-12.772541,45.287775,21.806000
1687601845.000000,-12.772541,45.287775,21.828000
1687601846.000000,-12.772542,45.287775,21.818000
1687601847.000000,-12.772541,45.287774,21.805000
1687601848.000000,-12.772541,45.287774,21.811000
1687601849.000000,-12.772540,45.287773,21.815000
1687601850.000000,-12.772540,45.287773,21.806000
1687601851.000000,-12.772539,45.287773,21.808000
1687601852.000000,-12.772539,45.287772,21.805000
1687601853.000000,-12.772539,45.287773,21.803000
1687601854.000000,-12.772539,45.287773,21.804000
1687601855.000000,-12.772539,45.287773,21.804000
1687601856.000000,-12.772539,45.287774,21.806000
1687601857.000000,-12.772540,45.287774,21.816000
1687601858.000000,-12.772540,45.287774,21.808000
1687601859.000000,-12.772540,45.287774,21.805000
1687601860.000000,-12.772541,45.287774,21.807000
1687601861.000000,-12.772541,45.287774,21.808000
1687601862.000000,-12.772542,45.287774,21.798000
1687601863.000000,-12.772542,45.287775,21.804000
1687601864.000000,-12.772542,45.287774,21.809000
1687601865.000000,-12.772542,45.287773,21.802000
1687601866.000000,-12.772541,45.287773,21.807000
1687601867.000000,-12.772541,45.287773,21.804000
1687601868.000000,-12.772541,45.287773,21.810000
1687601869.000000,-12.772541,45.287773,21.800000
1687601870.000000,-12.772541,45.287772,21.808000
1687601871.000000,-12.772542,45.287771,21.810000
1687601872.000000,-12.772542,45.287771,21.805000
1687601873.000000,-12.772542,45.287771,21.788000
1687601874.000000,-12.772542,45.287770,21.803000
1687601875.000000,-12.772542,45.287769,21.805000
1687601876.000000,-12.772543,45.287768,21.805000
1687601877.000000,-12.772543,45.287767,21.797000
1687601878.000000,-12.772542,45.287767,21.816000
1687601879.000000,-12.772542,45.287767,21.806000
1687601880.000000,-12.772542,45.287768,21.803000
1687601881.000000,-12.772542,45.287768,21.791000
1687601882.000000,-12.772541,45.287768,21.806000
1687601883.000000,-12.772541,45.287767,21.808000
1687601884.000000,-12.772541,45.287767,21.829000
1687601885.000000,-12.772541,45.287767,21.805000
1687601886.000000,-12.772541,45.287767,21.811000
1687601887.000000,-12.772541,45.287767,21.790000
1687601888.000000,-12.772541,45.287767,21.792000
1687601889.000000,-12.772542,45.287767,21.798000
1687601890.000000,-12.772541,45.287767,21.791000
1687601891.000000,-12.772541,45.287768,21.812000
1687601892.000000,-12.772541,45.287768,21.816000
1687601893.000000,-12.772541,45.287768,21.815000
1687601894.000000,-12.772541,45.287768,21.775000
1687601895.000000,-12.772541,45.287768,21.792000
1687601896.000000,-12.772541,45.287768,21.785000
1687601897.000000,-12.772541,45.287769,21.811000
1687601898.000000,-12.772541,45.287769,21.778000
1687601899.000000,-12.772542,45.287769,21.771000
1687601900.000000,-12.772542,45.287769,21.788000
1687601901.000000,-12.772542,45.287770,21.805000
1687601902.000000,-12.772543,45.287770,21.821000
1687601903.000000,-12.772543,45.287770,21.800000
1687601904.000000,-12.772543,45.287771,21.790000
1687601905.000000,-12.772543,45.287771,21.783000
1687601906.000000,-12.772544,45.287771,21.774000
1687601907.000000,-12.772544,45.287771,21.782000
1687601908.000000,-12.772544,45.287771,21.785000
1687601909.000000,-12.772544,45.287772,21.787000
1687601910.000000,-12.772544,45.287772,21.789000
1687601911.000000,-12.772545,45.287771,21.793000
1687601912.000000,-12.772545,45.287771,21.790000
1687601913.000000,-12.772545,45.287771,21.792000
1687601914.000000,-12.772545,45.287771,21.791000
1687601915.000000,-12.772545,45.287771,21.781000
1687601916.000000,-12.772546,45.287771,21.794000
1687601917.000000,-12.772546,45.287771,21.779000
1687601918.000000,-12.772546,45.287771,21.765000
1687601919.000000,-12.772546,45.287771,21.789000
1687601920.000000,-12.772546,45.287771,21.791000
1687601921.000000,-12.772546,45.287771,21.782000
1687601922.000000,-12.772547,45.287771,21.780000
1687601923.000000,-12.772547,45.287771,21.786000
1687601924.000000,-12.772547,45.287770,21.763000
1687601925.000000,-12.772547,45.287770,21.770000
1687601926.000000,-12.772547,45.287770,21.779000
1687601927.000000,-12.772547,45.287770,21.765000
1687601928.000000,-12.772547,45.287770,21.759000
1687601929.000000,-12.772548,45.287769,21.768000
1687601930.000000,-12.772548,45.287769,21.758000
1687601931.000000,-12.772548,45.287769,21.793000
1687601932.000000,-12.772549,45.287769,21.792000
1687601933.000000,-12.772549,45.287770,21.791000
1687601934.000000,-12.772549,45.287770,21.795000
1687601935.000000,-12.772550,45.287770,21.803000
1687601936.000000,-12.772550,45.287770,21.796000
1687601937.000000,-12.772550,45.287770,21.787000
1687601938.000000,-12.772551,45.287770,21.781000
1687601939.000000,-12.772550,45.287770,21.793000
1687601940.000000,-12.772550,45.287770,21.778000
1687601941.000000,-12.772550,45.287770,21.793000
1687601942.000000,-12.772550,45.287770,21.785000
1687601943.000000,-12.772550,45.287770,21.796000
1687601944.000000,-12.772550,45.287770,21.785000
1687601945.000000,-12.772550,45.287770,21.807000
1687601946.000000,-12.772550,45.287770,21.805000
1687601947.000000,-12.772550,45.287770,21.787000
1687601948.000000,-12.772550,45.287770,21.794000
1687601949.000000,-12.772550,45.287770,21.794000
1687601950.000000,-12.772550,45.287770,21.783000
1687601951.000000,-12.772550,45.287770,21.797000
1687601952.000000,-12.772550,45.287769,21.808000
1687601953.000000,-12.772550,45.287769,21.813000
1687601954.000000,-12.772550,45.287769,21.805000
1687601955.000000,-12.772549,45.287769,21.781000
1687601956.000000,-12.772549,45.287769,21.787000
1687601957.000000,-12.772549,45.287769,21.799000
1687601958.000000,-12.772549,45.287768,21.804000
1687601959.000000,-12.772549,45.287768,21.805000
1687601960.000000,-12.772549,45.287768,21.803000
1687601961.000000,-12.772548,45.287768,21.808000
1687601962.000000,-12.772548,45.287768,21.810000
1687601963.000000,-12.772548,45.287768,21.803000
1687601964.000000,-12.772548,45.287767,21.814000
1687601965.000000,-12.772548,45.287767,21.799000
1687601966.000000,-12.772547,45.287767,21.815000
1687601967.000000,-12.772547,45.287767,21.815000
1687601968.000000,-12.772547,45.287767,21.808000
1687601969.000000,-12.772547,45.287766,21.816000
1687601970.000000,-12.772547,45.287766,21.804000
1687601971.000000,-12.772546,45.287765,21.805000
1687601972.000000,-12.772546,45.287764,21.804000
1687601973.000000,-12.772546,45.287763,21.804000
1687601974.000000,-12.772546,45.287763,21.803000
1687601975.000000,-12.772546,45.287762,21.811000
1687601976.000000,-12.772545,45.287762,21.815000
1687601977.000000,-12.772545,45.287761,21.818000
1687601978.000000,-12.772545,45.287761,21.826000
1687601979.000000,-12.772544,45.287761,21.812000
1687601980.000000,-12.772543,45.287760,21.812000
1687601981.000000,-12.772543,45.287759,21.814000
1687601982.000000,-12.772542,45.287758,21.809000
1687601983.000000,-12.772541,45.287757,21.807000
1687601984.000000,-12.772540,45.287756,21.815000
1687601985.000000,-12.772538,45.287755,21.810000
1687601986.000000,-12.772537,45.287753,21.830000
1687601987.000000,-12.772536,45.287752,21.807000
1687601988.000000,-12.772535,45.287751,21.814000
1687601989.000000,-12.772534,45.287750,21.805000
1687601990.000000,-12.772533,45.287749,21.816000
1687601991.000000,-12.772531,45.287747,21.811000
1687601992.000000,-12.772530,45.287746,21.804000
1687601993.000000,-12.772529,45.287745,21.805000
1687601994.000000,-12.772528,45.287743,21.807000
1687601995.000000,-12.772526,45.287742,21.802000
1687601996.000000,-12.772525,45.287740,21.823000
1687601997.000000,-12.772524,45.287739,21.842000
1687601998.000000,-12.772522,45.287737,21.826000
1687601999.000000,-12.772521,45.287736,21.835000
1687602000.000000,-12.772520,45.287735,21.836000
1687602001.000000,-12.772518,45.287733,21.825000
1687602002.000000,-12.772517,45.287732,21.829000
1687602003.000000,-12.772515,45.287731,21.828000
1687602004.000000,-12.772514,45.287729,21.824000
1687602005.000000,-12.772512,45.287728,21.832000
1687602006.000000,-12.772510,45.287727,21.830000
1687602007.000000,-12.772509,45.287726,21.825000
1687602008.000000,-12.772507,45.287725,21.825000
1687602009.000000,-12.772505,45.287724,21.820000
1687602010.000000,-12.772503,45.287723,21.821000
1687602011.000000,-12.772501,45.287722,21.817000
1687602012.000000,-12.772499,45.287721,21.825000
1687602013.000000,-12.772497,45.287720,21.820000
1687602014.000000,-12.772495,45.287719,21.810000
1687602015.000000,-12.772493,45.287717,21.804000
1687602016.000000,-12.772491,45.287716,21.807000
1687602017.000000,-12.772489,45.287715,21.817000
1687602018.000000,-12.772487,45.287714,21.810000
1687602019.000000,-12.772484,45.287713,21.817000
1687602020.000000,-12.772482,45.287712,21.822000
1687602021.000000,-12.772480,45.287711,21.822000
1687602022.000000,-12.772478,45.287710,21.823000
1687602023.000000,-12.772475,45.287708,21.823000
1687602024.000000,-12.772473,45.287707,21.817000
1687602025.000000,-12.772470,45.287706,21.816000
1687602026.000000,-12.772468,45.287705,21.811000
1687602027.000000,-12.772465,45.287704,21.814000
1687602028.000000,-12.772462,45.287703,21.821000
1687602029.000000,-12.772460,45.287702,21.825000
1687602030.000000,-12.772457,45.287702,21.828000
1687602031.000000,-12.772454,45.287701,21.821000
1687602032.000000,-12.772451,45.287700,21.814000
1687602033.000000,-12.772448,45.287699,21.819000
1687602034.000000,-12.772446,45.287698,21.811000
1687602035.000000,-12.772443,45.287698,21.813000
1687602036.000000,-12.772440,45.287697,21.807000
1687602037.000000,-12.772438,45.287697,21.817000
1687602038.000000,-12.772435,45.287696,21.813000
1687602039.000000,-12.772433,45.287696,21.813000
1687602040.000000,-12.772431,45.287696,21.800000
1687602041.000000,-12.772430,45.287695,21.813000
1687602042.000000,-12.772429,45.287695,21.814000
1687602043.000000,-12.772428,45.287694,21.804000
1687602044.000000,-12.772428,45.287692,21.807000
1687602045.000000,-12.772428,45.287690,21.798000
1687602046.000000,-12.772428,45.287688,21.802000
1687602047.000000,-12.772427,45.287687,21.812000
1687602048.000000,-12.772426,45.287684,21.797000
1687602049.000000,-12.772425,45.287682,21.799000
1687602050.000000,-12.772424,45.287680,21.810000
1687602051.000000,-12.772423,45.287678,21.796000
1687602052.000000,-12.772421,45.287676,21.809000
1687602053.000000,-12.772420,45.287674,21.804000
1687602054.000000,-12.772419,45.287673,21.813000
1687602055.000000,-12.772418,45.287673,21.801000
1687602056.000000,-12.772419,45.287674,21.801000
1687602057.000000,-12.772420,45.287674,21.795000
1687602058.000000,-12.772419,45.287674,21.788000
1687602059.000000,-12.772418,45.287675,21.792000
1687602060.000000,-12.772418,45.287676,21.813000
1687602061.000000,-12.772417,45.287677,21.819000
1687602062.000000,-12.772417,45.287678,21.818000
1687602063.000000,-12.772416,45.287680,21.805000
1687602064.000000,-12.772415,45.287682,21.814000
1687602065.000000,-12.772414,45.287685,21.809000
1687602066.000000,-12.772414,45.287687,21.814000
1687602067.000000,-12.772413,45.287689,21.805000
1687602068.000000,-12.772412,45.287691,21.812000
1687602069.000000,-12.772411,45.287692,21.798000
1687602070.000000,-12.772409,45.287694,21.806000
1687602071.000000,-12.772408,45.287696,21.803000
1687602072.000000,-12.772406,45.287698,21.805000
1687602073.000000,-12.772405,45.287700,21.821000
1687602074.000000,-12.772403,45.287702,21.816000
1687602075.000000,-12.772401,45.287704,21.808000
1687602076.000000,-12.772399,45.287705,21.813000
1687602077.000000,-12.772397,45.287707,21.803000
1687602078.000000,-12.772394,45.287709,21.815000
1687602079.000000,-12.772392,45.287710,21.824000
1687602080.000000,-12.772389,45.287712,21.813000
1687602081.000000,-12.772387,45.287714,21.806000
1687602082.000000,-12.772384,45.287716,21.807000
1687602083.000000,-12.772381,45.287718,21.807000
1687602084.000000,-12.772378,45.287719,21.797000
1687602085.000000,-12.772374,45.287720,21.808000
1687602086.000000,-12.772371,45.287721,21.807000
1687602087.000000,-12.772368,45.287722,21.808000
1687602088.000000,-12.772365,45.287723,21.807000
1687602089.000000,-12.772361,45.287725,21.803000
1687602090.000000,-12.772358,45.287725,21.805000
1687602091.000000,-12.772355,45.287726,21.797000
1687602092.000000,-12.772351,45.287727,21.798000
1687602093.000000,-12.772348,45.287728,21.802000
1687602094.000000,-12.772345,45.287729,21.808000
1687602095.000000,-12.772341,45.287729,21.801000
1687602096.000000,-12.772338,45.287729,21.803000
1687602097.000000,-12.772335,45.287730,21.799000
1687602098.000000,-12.772331,45.287730,21.794000
1687602099.000000,-12.772328,45.287729,21.791000
1687602100.000000,-12.772325,45.287728,21.797000
1687602101.000000,-12.772321,45.287727,21.797000
1687602102.000000,-12.772318,45.287726,21.793000
1687602103.000000,-12.772314,45.287725,21.801000
1687602104.000000,-12.772311,45.287725,21.789000
1687602105.000000,-12.772308,45.287725,21.792000
1687602106.000000,-12.772305,45.287725,21.793000
1687602107.000000,-12.772301,45.287725,21.793000
1687602108.000000,-12.772298,45.287724,21.810000
1687602109.000000,-12.772294,45.287725,21.799000
1687602110.000000,-12.772291,45.287725,21.802000
1687602111.000000,-12.772287,45.287726,21.801000
1687602112.000000,-12.772284,45.287726,21.796000
1687602113.000000,-12.772281,45.287727,21.808000
1687602114.000000,-12.772277,45.287728,21.808000
1687602115.000000,-12.772274,45.287729,21.805000
1687602116.000000,-12.772271,45.287729,21.801000
1687602117.000000,-12.772267,45.287730,21.804000
1687602118.000000,-12.772264,45.287731,21.792000
1687602119.000000,-12.772261,45.287732,21.797000
1687602120.000000,-12.772258,45.287733,21.799000
1687602121.000000,-12.772255,45.287734,21.809000
1687602122.000000,-12.772251,45.287735,21.800000
1687602123.000000,-12.772248,45.287736,21.802000
1687602124.000000,-12.772244,45.287738,21.794000
1687602125.000000,-12.772241,45.287739,21.805000
1687602126.000000,-12.772238,45.287740,21.795000
1687602127.000000,-12.772234,45.287741,21.801000
1687602128.000000,-12.772231,45.287742,21.797000
1687602129.000000,-12.772228,45.287744,21.804000
1687602130.000000,-12.772225,45.287745,21.802000
1687602131.000000,-12.772222,45.287746,21.805000
1687602132.000000,-12.772219,45.287748,21.807000
1687602133.000000,-12.772216,45.287750,21.809000
1687602134.000000,-12.772213,45.287752,21.800000
1687602135.000000,-12.772210,45.287754,21.804000
1687602136.000000,-12.772208,45.287756,21.796000
1687602137.000000,-12.772205,45.287757,21.787000
1687602138.000000,-12.772202,45.287759,21.793000
1687602139.000000,-12.772199,45.287761,21.803000
1687602140.000000,-12.772196,45.287763,21.806000
1687602141.000000,-12.772194,45.287765,21.787000
1687602142.000000,-12.772191,45.287767,21.799000
1687602143.000000,-12.772188,45.287769,21.801000
1687602144.000000,-12.772186,45.287772,21.799000
1687602145.000000,-12.772183,45.287774,21.788000
1687602146.000000,-12.772180,45.287777,21.796000
1687602147.000000,-12.772178,45.287780,21.794000
1687602148.000000,-12.772175,45.287783,21.787000
1687602149.000000,-12.772173,45.287785,21.794000
1687602150.000000,-12.772171,45.287788,21.792000
1687602151.000000,-12.772168,45.287791,21.792000
1687602152.000000,-12.772166,45.287794,21.789000
1687602153.000000,-12.772164,45.287796,21.786000
1687602154.000000,-12.772162,45.287799,21.789000
1687602155.000000,-12.772160,45.287802,21.794000
1687602156.000000,-12.772157,45.287805,21.796000
1687602157.000000,-12.772155,45.287808,21.796000
1687602158.000000,-12.772153,45.287810,21.801000
1687602159.000000,-12.772151,45.287813,21.797000
1687602160.000000,-12.772148,45.287816,21.801000
1687602161.000000,-12.772146,45.287818,21.790000
1687602162.000000,-12.772144,45.287821,21.800000
1687602163.000000,-12.772142,45.287823,21.792000
1687602164.000000,-12.772140,45.287826,21.791000
1687602165.000000,-12.772137,45.287828,21.799000
1687602166.000000,-12.772135,45.287831,21.797000
1687602167.000000,-12.772133,45.287833,21.791000
1687602168.000000,-12.772131,45.287836,21.792000
1687602169.000000,-12.772129,45.287838,21.791000
1687602170.000000,-12.772127,45.287841,21.808000
1687602171.000000,-12.772125,45.287844,21.805000
1687602172.000000,-12.772124,45.287846,21.812000
1687602173.000000,-12.772123,45.287849,21.808000
1687602174.000000,-12.772122,45.287853,21.818000
1687602175.000000,-12.772121,45.287856,21.806000
1687602176.000000,-12.772120,45.287860,21.813000
1687602177.000000,-12.772119,45.287864,21.805000
1687602178.000000,-12.772119,45.287868,21.812000
1687602179.000000,-12.772119,45.287872,21.818000
1687602180.000000,-12.772118,45.287876,21.810000
1687602181.000000,-12.772118,45.287880,21.802000
1687602182.000000,-12.772118,45.287884,21.805000
1687602183.000000,-12.772117,45.287888,21.805000
1687602184.000000,-12.772117,45.287892,21.799000
1687602185.000000,-12.772117,45.287896,21.796000
1687602186.000000,-12.772116,45.287900,21.794000
1687602187.000000,-12.772116,45.287904,21.802000
1687602188.000000,-12.772115,45.287907,21.798000
1687602189.000000,-12.772115,45.287911,21.793000
1687602190.000000,-12.772114,45.287915,21.797000
1687602191.000000,-12.772113,45.287919,21.798000
1687602192.000000,-12.772112,45.287922,21.804000
1687602193.000000,-12.772111,45.287925,21.788000
1687602194.000000,-12.772109,45.287927,21.797000
1687602195.000000,-12.772108,45.287930,21.790000
1687602196.000000,-12.772106,45.287933,21.801000
1687602197.000000,-12.772105,45.287936,21.795000
1687602198.000000,-12.772104,45.287939,21.809000
1687602199.000000,-12.772102,45.287941,21.807000
1687602200.000000,-12.772101,45.287944,21.796000
1687602201.000000,-12.772099,45.287946,21.795000
1687602202.000000,-12.772098,45.287949,21.804000
1687602203.000000,-12.772097,45.287952,21.796000
1687602204.000000,-12.772096,45.287956,21.792000
1687602205.000000,-12.772095,45.287959,21.798000
1687602206.000000,-12.772094,45.287962,21.789000
1687602207.000000,-12.772093,45.287966,21.800000
1687602208.000000,-12.772092,45.287970,21.797000
1687602209.000000,-12.772092,45.287973,21.811000
1687602210.000000,-12.772091,45.287977,21.803000
1687602211.000000,-12.772091,45.287981,21.803000
1687602212.000000,-12.772090,45.287985,21.798000
1687602213.000000,-12.772090,45.287988,21.796000
1687602214.000000,-12.772090,45.287991,21.800000
1687602215.000000,-12.772090,45.287995,21.779000
1687602216.000000,-12.772089,45.287998,21.793000
1687602217.000000,-12.772089,45.288001,21.798000
1687602218.000000,-12.772089,45.288004,21.802000
1687602219.000000,-12.772088,45.288007,21.798000
1687602220.000000,-12.772087,45.288009,21.795000
1687602221.000000,-12.772087,45.288011,21.795000
1687602222.000000,-12.772085,45.288014,21.806000
1687602223.000000,-12.772084,45.288017,21.800000
1687602224.000000,-12.772083,45.288019,21.801000
1687602225.000000,-12.772081,45.288022,21.801000
1687602226.000000,-12.772080,45.288025,21.793000
1687602227.000000,-12.772078,45.288027,21.796000
1687602228.000000,-12.772077,45.288029,21.804000
1687602229.000000,-12.772075,45.288031,21.805000
1687602230.000000,-12.772073,45.288033,21.787000
1687602231.000000,-12.772071,45.288035,21.789000
1687602232.000000,-12.772070,45.288037,21.795000
1687602233.000000,-12.772068,45.288039,21.797000
1687602234.000000,-12.772066,45.288040,21.806000
1687602235.000000,-12.772065,45.288041,21.800000
1687602236.000000,-12.772063,45.288042,21.787000
1687602237.000000,-12.772062,45.288043,21.793000
1687602238.000000,-12.772060,45.288045,21.788000
1687602239.000000,-12.772058,45.288046,21.791000
1687602240.000000,-12.772057,45.288048,21.789000
1687602241.000000,-12.772056,45.288049,21.795000
1687602242.000000,-12.772054,45.288051,21.795000
1687602243.000000,-12.772053,45.288053,21.777000
1687602244.000000,-12.772051,45.288055,21.764000
1687602245.000000,-12.772050,45.288057,21.766000
1687602246.000000,-12.772048,45.288060,21.769000
1687602247.000000,-12.772047,45.288062,21.791000
1687602248.000000,-12.772045,45.288065,21.780000
1687602249.000000,-12.772044,45.288067,21.790000
1687602250.000000,-12.772043,45.288070,21.782000
1687602251.000000,-12.772042,45.288073,21.778000
1687602252.000000,-12.772040,45.288076,21.776000
1687602253.000000,-12.772039,45.288080,21.785000
1687602254.000000,-12.772038,45.288083,21.785000
1687602255.000000,-12.772037,45.288085,21.775000
1687602256.000000,-12.772036,45.288088,21.786000
1687602257.000000,-12.772034,45.288091,21.780000
1687602258.000000,-12.772033,45.288094,21.781000
1687602259.000000,-12.772032,45.288096,21.774000
1687602260.000000,-12.772030,45.288099,21.769000
1687602261.000000,-12.772029,45.288102,21.772000
1687602262.000000,-12.772027,45.288105,21.776000
1687602263.000000,-12.772026,45.288108,21.778000
1687602264.000000,-12.772025,45.288112,21.776000
1687602265.000000,-12.772023,45.288116,21.787000
1687602266.000000,-12.772022,45.288121,21.778000
1687602267.000000,-12.772020,45.288125,21.788000
1687602268.000000,-12.772019,45.288129,21.784000
1687602269.000000,-12.772017,45.288134,21.761000
1687602270.000000,-12.772016,45.288138,21.780000
1687602271.000000,-12.772014,45.288143,21.784000
1687602272.000000,-12.772012,45.288148,21.779000
1687602273.000000,-12.772010,45.288153,21.774000
1687602274.000000,-12.772008,45.288158,21.787000
1687602275.000000,-12.772007,45.288163,21.780000
1687602276.000000,-12.772005,45.288169,21.773000
1687602277.000000,-12.772003,45.288174,21.775000
1687602278.000000,-12.772001,45.288179,21.786000
1687602279.000000,-12.771999,45.288184,21.784000
1687602280.000000,-12.771997,45.288189,21.790000
1687602281.000000,-12.771996,45.288194,21.784000
1687602282.000000,-12.771994,45.288199,21.782000
1687602283.000000,-12.771991,45.288204,21.778000
1687602284.000000,-12.771989,45.288209,21.779000
1687602285.000000,-12.771987,45.288215,21.780000
1687602286.000000,-12.771984,45.288220,21.782000
1687602287.000000,-12.771982,45.288226,21.770000
1687602288.000000,-12.771980,45.288231,21.773000
1687602289.000000,-12.771978,45.288236,21.788000
1687602290.000000,-12.771975,45.288242,21.788000
1687602291.000000,-12.771973,45.288247,21.783000
1687602292.000000,-12.771971,45.288252,21.786000
1687602293.000000,-12.771968,45.288257,21.781000
1687602294.000000,-12.771966,45.288262,21.787000
1687602295.000000,-12.771964,45.288268,21.784000
1687602296.000000,-12.771962,45.288273,21.785000
1687602297.000000,-12.771960,45.288278,21.779000
1687602298.000000,-12.771957,45.288282,21.781000
1687602299.000000,-12.771955,45.288287,21.781000
1687602300.000000,-12.771953,45.288292,21.776000
1687602301.000000,-12.771952,45.288297,21.776000
1687602302.000000,-12.771950,45.288301,21.782000
1687602303.000000,-12.771949,45.288305,21.780000
1687602304.000000,-12.771947,45.288310,21.781000
1687602305.000000,-12.771945,45.288314,21.779000
1687602306.000000,-12.771944,45.288320,21.779000
1687602307.000000,-12.771942,45.288325,21.784000
1687602308.000000,-12.771941,45.288329,21.780000
1687602309.000000,-12.771940,45.288333,21.787000
1687602310.000000,-12.771939,45.288337,21.807000
1687602311.000000,-12.771938,45.288342,21.779000
1687602312.000000,-12.771937,45.288346,21.794000
1687602313.000000,-12.771937,45.288351,21.791000
1687602314.000000,-12.771936,45.288356,21.788000
1687602315.000000,-12.771936,45.288360,21.785000
1687602316.000000,-12.771936,45.288363,21.778000
1687602317.000000,-12.771936,45.288366,21.776000
1687602318.000000,-12.771936,45.288369,21.780000
1687602319.000000,-12.771935,45.288373,21.776000
1687602320.000000,-12.771934,45.288376,21.774000
1687602321.000000,-12.771934,45.288379,21.775000
1687602322.000000,-12.771933,45.288382,21.786000
1687602323.000000,-12.771932,45.288385,21.781000
1687602324.000000,-12.771931,45.288388,21.784000
1687602325.000000,-12.771930,45.288390,21.786000
1687602326.000000,-12.771929,45.288393,21.779000
1687602327.000000,-12.771927,45.288395,21.789000
1687602328.000000,-12.771926,45.288397,21.778000
1687602329.000000,-12.771925,45.288400,21.780000
1687602330.000000,-12.771924,45.288401,21.782000
1687602331.000000,-12.771923,45.288403,21.791000
1687602332.000000,-12.771921,45.288405,21.784000
1687602333.000000,-12.771920,45.288407,21.777000
1687602334.000000,-12.771918,45.288408,21.757000
1687602335.000000,-12.771917,45.288410,21.772000
1687602336.000000,-12.771915,45.288411,21.777000
1687602337.000000,-12.771913,45.288413,21.780000
1687602338.000000,-12.771911,45.288414,21.769000
1687602339.000000,-12.771909,45.288416,21.774000
1687602340.000000,-12.771907,45.288418,21.779000
1687602341.000000,-12.771906,45.288419,21.781000
1687602342.000000,-12.771904,45.288420,21.784000
1687602343.000000,-12.771902,45.288421,21.789000
1687602344.000000,-12.771900,45.288423,21.785000
1687602345.000000,-12.771898,45.288424,21.786000
1687602346.000000,-12.771896,45.288425,21.784000
1687602347.000000,-12.771893,45.288427,21.789000
1687602348.000000,-12.771891,45.288429,21.782000
1687602349.000000,-12.771888,45.288430,21.771000
1687602350.000000,-12.771885,45.288432,21.777000
1687602351.000000,-12.771883,45.288434,21.772000
1687602352.000000,-12.771881,45.288436,21.777000
1687602353.000000,-12.771879,45.288438,21.771000
1687602354.000000,-12.771877,45.288440,21.771000
1687602355.000000,-12.771874,45.288442,21.775000
1687602356.000000,-12.771872,45.288445,21.782000
1687602357.000000,-12.771869,45.288447,21.777000
1687602358.000000,-12.771867,45.288449,21.782000
1687602359.000000,-12.771865,45.288451,21.785000
1687602360.000000,-12.771863,45.288452,21.781000
1687602361.000000,-12.771861,45.288454,21.789000
1687602362.000000,-12.771859,45.288456,21.790000
1687602363.000000,-12.771856,45.288458,21.780000
1687602364.000000,-12.771854,45.288460,21.787000
1687602365.000000,-12.771852,45.288462,21.791000
1687602366.000000,-12.771848,45.288464,21.783000
1687602367.000000,-12.771845,45.288466,21.786000
1687602368.000000,-12.771842,45.288468,21.790000
1687602369.000000,-12.771839,45.288469,21.804000
1687602370.000000,-12.771836,45.288471,21.804000
1687602371.000000,-12.771833,45.288472,21.794000
1687602372.000000,-12.771829,45.288474,21.795000
1687602373.000000,-12.771826,45.288475,21.789000
1687602374.000000,-12.771823,45.288476,21.797000
1687602375.000000,-12.771820,45.288477,21.777000
1687602376.000000,-12.771816,45.288478,21.775000
1687602377.000000,-12.771812,45.288480,21.780000
1687602378.000000,-12.771808,45.288481,21.784000
1687602379.000000,-12.771804,45.288482,21.786000
1687602380.000000,-12.771800,45.288483,21.787000
1687602381.000000,-12.771797,45.288484,21.783000
1687602382.000000,-12.771793,45.288484,21.787000
1687602383.000000,-12.771789,45.288485,21.782000
1687602384.000000,-12.771786,45.288486,21.775000
1687602385.000000,-12.771782,45.288487,21.786000
1687602386.000000,-12.771779,45.288487,21.782000
1687602387.000000,-12.771775,45.288488,21.788000
1687602388.000000,-12.771771,45.288489,21.785000
1687602389.000000,-12.771767,45.288490,21.788000
1687602390.000000,-12.771763,45.288490,21.791000
1687602391.000000,-12.771760,45.288491,21.804000
1687602392.000000,-12.771756,45.288492,21.803000
1687602393.000000,-12.771752,45.288492,21.804000
1687602394.000000,-12.771748,45.288493,21.790000
1687602395.000000,-12.771744,45.288493,21.794000
1687602396.000000,-12.771739,45.288494,21.784000
1687602397.000000,-12.771735,45.288495,21.797000
1687602398.000000,-12.771731,45.288495,21.796000
1687602399.000000,-12.771727,45.288495,21.803000
1687602400.000000,-12.771723,45.288495,21.792000
1687602401.000000,-12.771718,45.288496,21.794000
1687602402.000000,-12.771714,45.288496,21.793000
1687602403.000000,-12.771710,45.288495,21.794000
1687602404.000000,-12.771706,45.288495,21.782000
1687602405.000000,-12.771702,45.288495,21.791000
1687602406.000000,-12.771698,45.288494,21.786000
1687602407.000000,-12.771694,45.288495,21.791000
1687602408.000000,-12.771691,45.288494,21.795000
1687602409.000000,-12.771687,45.288494,21.784000
1687602410.000000,-12.771683,45.288495,21.789000
1687602411.000000,-12.771679,45.288495,21.784000
1687602412.000000,-12.771676,45.288496,21.782000
1687602413.000000,-12.771673,45.288497,21.797000
1687602414.000000,-12.771669,45.288498,21.780000
1687602415.000000,-12.771665,45.288500,21.786000
1687602416.000000,-12.771660,45.288502,21.786000
1687602417.000000,-12.771656,45.288504,21.774000
1687602418.000000,-12.771652,45.288506,21.788000
1687602419.000000,-12.771647,45.288508,21.780000
1687602420.000000,-12.771643,45.288510,21.773000
1687602421.000000,-12.771639,45.288512,21.774000
1687602422.000000,-12.771635,45.288514,21.780000
1687602423.000000,-12.771631,45.288516,21.778000
1687602424.000000,-12.771627,45.288517,21.785000
1687602425.000000,-12.771623,45.288519,21.774000
1687602426.000000,-12.771619,45.288521,21.767000
1687602427.000000,-12.771614,45.288523,21.772000
1687602428.000000,-12.771610,45.288524,21.778000
1687602429.000000,-12.771605,45.288526,21.785000
1687602430.000000,-12.771601,45.288527,21.773000
1687602431.000000,-12.771596,45.288529,21.779000
1687602432.000000,-12.771591,45.288530,21.775000
1687602433.000000,-12.771587,45.288531,21.780000
1687602434.000000,-12.771582,45.288531,21.778000
1687602435.000000,-12.771577,45.288532,21.779000
1687602436.000000,-12.771571,45.288533,21.788000
1687602437.000000,-12.771566,45.288533,21.778000
1687602438.000000,-12.771560,45.288533,21.775000
1687602439.000000,-12.771555,45.288534,21.770000
1687602440.000000,-12.771550,45.288534,21.781000
1687602441.000000,-12.771545,45.288533,21.760000
1687602442.000000,-12.771540,45.288532,21.762000
1687602443.000000,-12.771535,45.288531,21.773000
1687602444.000000,-12.771531,45.288530,21.761000
1687602445.000000,-12.771526,45.288529,21.757000
1687602446.000000,-12.771522,45.288528,21.778000
1687602447.000000,-12.771518,45.288526,21.780000
1687602448.000000,-12.771514,45.288525,21.774000
1687602449.000000,-12.771510,45.288523,21.779000
1687602450.000000,-12.771506,45.288521,21.775000
1687602451.000000,-12.771502,45.288519,21.761000
1687602452.000000,-12.771498,45.288517,21.769000
1687602453.000000,-12.771492,45.288514,21.768000
1687602454.000000,-12.771488,45.288512,21.769000
1687602455.000000,-12.771482,45.288509,21.761000
1687602456.000000,-12.771477,45.288505,21.756000
1687602457.000000,-12.771473,45.288502,21.758000
1687602458.000000,-12.771468,45.288499,21.760000
1687602459.000000,-12.771464,45.288495,21.763000
1687602460.000000,-12.771461,45.288491,21.763000
1687602461.000000,-12.771457,45.288487,21.764000
1687602462.000000,-12.771454,45.288482,21.757000
1687602463.000000,-12.771452,45.288477,21.768000
1687602464.000000,-12.771449,45.288473,21.776000
1687602465.000000,-12.771447,45.288468,21.769000
1687602466.000000,-12.771445,45.288463,21.769000
1687602467.000000,-12.771443,45.288459,21.768000
1687602468.000000,-12.771440,45.288454,21.770000
1687602469.000000,-12.771438,45.288450,21.773000
1687602470.000000,-12.771436,45.288446,21.762000
1687602471.000000,-12.771434,45.288442,21.772000
1687602472.000000,-12.771431,45.288439,21.770000
1687602473.000000,-12.771429,45.288435,21.768000
1687602474.000000,-12.771427,45.288432,21.766000
1687602475.000000,-12.771425,45.288429,21.767000
1687602476.000000,-12.771423,45.288427,21.769000
1687602477.000000,-12.771421,45.288424,21.762000
1687602478.000000,-12.771419,45.288422,21.761000
1687602479.000000,-12.771417,45.288419,21.762000
1687602480.000000,-12.771414,45.288417,21.762000
1687602481.000000,-12.771412,45.288415,21.754000
1687602482.000000,-12.771410,45.288413,21.758000
1687602483.000000,-12.771408,45.288411,21.757000
1687602484.000000,-12.771406,45.288409,21.766000
1687602485.000000,-12.771404,45.288407,21.760000
1687602486.000000,-12.771401,45.288405,21.769000
1687602487.000000,-12.771399,45.288403,21.761000
1687602488.000000,-12.771396,45.288401,21.760000
1687602489.000000,-12.771394,45.288399,21.767000
1687602490.000000,-12.771391,45.288398,21.768000
1687602491.000000,-12.771388,45.288396,21.768000
1687602492.000000,-12.771386,45.288394,21.781000
1687602493.000000,-12.771383,45.288393,21.760000
1687602494.000000,-12.771380,45.288391,21.764000
1687602495.000000,-12.771377,45.288390,21.757000
1687602496.000000,-12.771374,45.288389,21.764000
1687602497.000000,-12.771372,45.288387,21.752000
1687602498.000000,-12.771369,45.288386,21.764000
1687602499.000000,-12.771366,45.288384,21.762000
1687602500.000000,-12.771363,45.288383,21.758000
1687602501.000000,-12.771360,45.288382,21.752000
1687602502.000000,-12.771357,45.288380,21.756000
1687602503.000000,-12.771354,45.288379,21.771000
1687602504.000000,-12.771351,45.288379,21.761000
1687602505.000000,-12.771349,45.288378,21.764000
1687602506.000000,-12.771346,45.288377,21.767000
1687602507.000000,-12.771343,45.288377,21.767000
1687602508.000000,-12.771340,45.288377,21.767000
1687602509.000000,-12.771337,45.288376,21.782000
1687602510.000000,-12.771334,45.288376,21.779000
1687602511.000000,-12.771331,45.288376,21.777000
1687602512.000000,-12.771327,45.288376,21.781000
1687602513.000000,-12.771324,45.288376,21.762000
1687602514.000000,-12.771321,45.288377,21.756000
1687602515.000000,-12.771317,45.288377,21.769000
1687602516.000000,-12.771313,45.288378,21.759000
1687602517.000000,-12.771309,45.288379,21.769000
1687602518.000000,-12.771306,45.288379,21.770000
1687602519.000000,-12.771302,45.288379,21.765000
1687602520.000000,-12.771298,45.288380,21.785000
1687602521.000000,-12.771294,45.288381,21.777000
1687602522.000000,-12.771290,45.288382,21.777000
1687602523.000000,-12.771286,45.288383,21.754000
1687602524.000000,-12.771282,45.288384,21.755000
1687602525.000000,-12.771277,45.288385,21.764000
1687602526.000000,-12.771273,45.288386,21.771000
1687602527.000000,-12.771268,45.288388,21.771000
1687602528.000000,-12.771263,45.288389,21.761000
1687602529.000000,-12.771258,45.288391,21.756000
1687602530.000000,-12.771253,45.288393,21.773000
1687602531.000000,-12.771248,45.288394,21.755000
1687602532.000000,-12.771244,45.288396,21.773000
1687602533.000000,-12.771239,45.288397,21.774000
1687602534.000000,-12.771235,45.288397,21.773000
1687602535.000000,-12.771231,45.288398,21.775000
1687602536.000000,-12.771226,45.288399,21.774000
1687602537.000000,-12.771222,45.288399,21.773000
1687602538.000000,-12.771218,45.288400,21.785000
1687602539.000000,-12.771213,45.288400,21.762000
1687602540.000000,-12.771208,45.288400,21.767000
1687602541.000000,-12.771203,45.288400,21.760000
1687602542.000000,-12.771199,45.288400,21.761000
1687602543.000000,-12.771194,45.288399,21.767000
1687602544.000000,-12.771190,45.288399,21.774000
1687602545.000000,-12.771186,45.288399,21.779000
1687602546.000000,-12.771181,45.288398,21.766000
1687602547.000000,-12.771177,45.288397,21.785000
1687602548.000000,-12.771173,45.288396,21.766000
1687602549.000000,-12.771168,45.288394,21.765000
1687602550.000000,-12.771164,45.288393,21.772000
1687602551.000000,-12.771160,45.288391,21.779000
1687602552.000000,-12.771156,45.288389,21.770000
1687602553.000000,-12.771151,45.288388,21.792000
1687602554.000000,-12.771147,45.288386,21.778000
1687602555.000000,-12.771142,45.288384,21.765000
1687602556.000000,-12.771137,45.288382,21.780000
1687602557.000000,-12.771132,45.288381,21.774000
1687602558.000000,-12.771126,45.288379,21.764000
1687602559.000000,-12.771121,45.288378,21.765000
1687602560.000000,-12.771116,45.288377,21.766000
1687602561.000000,-12.771111,45.288377,21.764000
1687602562.000000,-12.771106,45.288377,21.775000
1687602563.000000,-12.771102,45.288376,21.773000
1687602564.000000,-12.771097,45.288377,21.773000
1687602565.000000,-12.771093,45.288377,21.779000
1687602566.000000,-12.771088,45.288377,21.775000
1687602567.000000,-12.771084,45.288378,21.768000
1687602568.000000,-12.771079,45.288378,21.776000
1687602569.000000,-12.771075,45.288379,21.766000
1687602570.000000,-12.771070,45.288380,21.774000
1687602571.000000,-12.771065,45.288380,21.764000
1687602572.000000,-12.771060,45.288381,21.769000
1687602573.000000,-12.771056,45.288382,21.779000
1687602574.000000,-12.771051,45.288383,21.778000
1687602575.000000,-12.771045,45.288384,21.767000
1687602576.000000,-12.771040,45.288386,21.765000
1687602577.000000,-12.771034,45.288387,21.763000
1687602578.000000,-12.771028,45.288388,21.764000
1687602579.000000,-12.771022,45.288389,21.761000
1687602580.000000,-12.771016,45.288390,21.758000
1687602581.000000,-12.771010,45.288391,21.762000
1687602582.000000,-12.771005,45.288393,21.760000
1687602583.000000,-12.771000,45.288394,21.771000
1687602584.000000,-12.770995,45.288395,21.782000
1687602585.000000,-12.770990,45.288397,21.763000
1687602586.000000,-12.770984,45.288399,21.761000
1687602587.000000,-12.770977,45.288402,21.765000
1687602588.000000,-12.770970,45.288404,21.766000
1687602589.000000,-12.770963,45.288406,21.765000
1687602590.000000,-12.770956,45.288409,21.760000
1687602591.000000,-12.770948,45.288411,21.766000
1687602592.000000,-12.770940,45.288414,21.780000
1687602593.000000,-12.770933,45.288416,21.782000
1687602594.000000,-12.770927,45.288417,21.769000
1687602595.000000,-12.770920,45.288420,21.772000
1687602596.000000,-12.770912,45.288423,21.760000
1687602597.000000,-12.770905,45.288425,21.766000
1687602598.000000,-12.770898,45.288427,21.761000
1687602599.000000,-12.770892,45.288430,21.757000
1687602600.000000,-12.770886,45.288432,21.768000
1687602601.000000,-12.770878,45.288435,21.773000
1687602602.000000,-12.770872,45.288437,21.766000
1687602603.000000,-12.770865,45.288439,21.764000
1687602604.000000,-12.770858,45.288442,21.754000
1687602605.000000,-12.770851,45.288444,21.764000
1687602606.000000,-12.770845,45.288447,21.773000
1687602607.000000,-12.770838,45.288449,21.752000
1687602608.000000,-12.770831,45.288451,21.760000
1687602609.000000,-12.770825,45.288453,21.772000
1687602610.000000,-12.770818,45.288455,21.762000
1687602611.000000,-12.770812,45.288458,21.763000
1687602612.000000,-12.770806,45.288459,21.764000
1687602613.000000,-12.770801,45.288461,21.768000
1687602614.000000,-12.770796,45.288463,21.768000
1687602615.000000,-12.770790,45.288465,21.758000
1687602616.000000,-12.770784,45.288467,21.761000
1687602617.000000,-12.770778,45.288470,21.765000
1687602618.000000,-12.770772,45.288473,21.763000
1687602619.000000,-12.770768,45.288475,21.761000
1687602620.000000,-12.770763,45.288477,21.752000
1687602621.000000,-12.770759,45.288480,21.768000
1687602622.000000,-12.770755,45.288482,21.762000
1687602623.000000,-12.770752,45.288486,21.757000
1687602624.000000,-12.770749,45.288488,21.769000
1687602625.000000,-12.770747,45.288491,21.771000
1687602626.000000,-12.770745,45.288493,21.776000
1687602627.000000,-12.770745,45.288496,21.761000
1687602628.000000,-12.770744,45.288499,21.776000
1687602629.000000,-12.770744,45.288502,21.781000
1687602630.000000,-12.770744,45.288505,21.769000
1687602631.000000,-12.770744,45.288508,21.774000
1687602632.000000,-12.770745,45.288511,21.781000
1687602633.000000,-12.770746,45.288514,21.767000
1687602634.000000,-12.770747,45.288517,21.771000
1687602635.000000,-12.770749,45.288520,21.766000
1687602636.000000,-12.770750,45.288522,21.771000
1687602637.000000,-12.770752,45.288525,21.769000
1687602638.000000,-12.770753,45.288528,21.777000
1687602639.000000,-12.770755,45.288532,21.780000
1687602640.000000,-12.770756,45.288535,21.755000
1687602641.000000,-12.770757,45.288538,21.759000
1687602642.000000,-12.770758,45.288542,21.757000
1687602643.000000,-12.770759,45.288545,21.761000
1687602644.000000,-12.770760,45.288549,21.756000
1687602645.000000,-12.770760,45.288553,21.758000
1687602646.000000,-12.770760,45.288557,21.769000
1687602647.000000,-12.770760,45.288562,21.759000
1687602648.000000,-12.770760,45.288566,21.758000
1687602649.000000,-12.770759,45.288571,21.757000
1687602650.000000,-12.770758,45.288575,21.766000
1687602651.000000,-12.770757,45.288580,21.779000
1687602652.000000,-12.770755,45.288585,21.772000
1687602653.000000,-12.770754,45.288590,21.769000
1687602654.000000,-12.770753,45.288593,21.769000
1687602655.000000,-12.770752,45.288597,21.772000
1687602656.000000,-12.770751,45.288601,21.774000
1687602657.000000,-12.770750,45.288605,21.764000
1687602658.000000,-12.770749,45.288609,21.766000
1687602659.000000,-12.770748,45.288613,21.760000
1687602660.000000,-12.770747,45.288617,21.759000
1687602661.000000,-12.770746,45.288621,21.748000
1687602662.000000,-12.770746,45.288626,21.774000
1687602663.000000,-12.770745,45.288630,21.760000
1687602664.000000,-12.770745,45.288635,21.767000
1687602665.000000,-12.770745,45.288639,21.776000
1687602666.000000,-12.770745,45.288644,21.773000
1687602667.000000,-12.770745,45.288648,21.765000
1687602668.000000,-12.770745,45.288653,21.750000
1687602669.000000,-12.770745,45.288658,21.771000
1687602670.000000,-12.770746,45.288663,21.764000
1687602671.000000,-12.770746,45.288667,21.758000
1687602672.000000,-12.770747,45.288672,21.745000
1687602673.000000,-12.770748,45.288677,21.752000
1687602674.000000,-12.770750,45.288682,21.762000
1687602675.000000,-12.770751,45.288686,21.769000
1687602676.000000,-12.770753,45.288690,21.777000
1687602677.000000,-12.770754,45.288694,21.759000
1687602678.000000,-12.770756,45.288699,21.778000
1687602679.000000,-12.770757,45.288703,21.779000
1687602680.000000,-12.770759,45.288707,21.773000
1687602681.000000,-12.770760,45.288712,21.768000
1687602682.000000,-12.770761,45.288716,21.780000
1687602683.000000,-12.770763,45.288720,21.782000
1687602684.000000,-12.770764,45.288724,21.771000
1687602685.000000,-12.770765,45.288729,21.780000
1687602686.000000,-12.770766,45.288734,21.763000
1687602687.000000,-12.770767,45.288739,21.762000
1687602688.000000,-12.770768,45.288744,21.764000
1687602689.000000,-12.770769,45.288750,21.766000
1687602690.000000,-12.770770,45.288756,21.765000
1687602691.000000,-12.770770,45.288762,21.770000
1687602692.000000,-12.770771,45.288768,21.773000
1687602693.000000,-12.770772,45.288773,21.788000
1687602694.000000,-12.770773,45.288780,21.786000
1687602695.000000,-12.770774,45.288786,21.788000
1687602696.000000,-12.770774,45.288792,21.782000
1687602697.000000,-12.770774,45.288797,21.761000
1687602698.000000,-12.770774,45.288802,21.775000
1687602699.000000,-12.770774,45.288807,21.764000
1687602700.000000,-12.770774,45.288813,21.773000
1687602701.000000,-12.770774,45.288817,21.759000
1687602702.000000,-12.770775,45.288822,21.785000
1687602703.000000,-12.770775,45.288826,21.786000
1687602704.000000,-12.770776,45.288830,21.784000
1687602705.000000,-12.770776,45.288835,21.766000
1687602706.000000,-12.770776,45.288839,21.788000
1687602707.000000,-12.770776,45.288844,21.780000
1687602708.000000,-12.770775,45.288850,21.771000
1687602709.000000,-12.770774,45.288855,21.771000
1687602710.000000,-12.770774,45.288860,21.767000
1687602711.000000,-12.770773,45.288866,21.767000
1687602712.000000,-12.770771,45.288871,21.770000
1687602713.000000,-12.770770,45.288876,21.770000
1687602714.000000,-12.770768,45.288881,21.772000
1687602715.000000,-12.770767,45.288886,21.778000
1687602716.000000,-12.770765,45.288890,21.770000
1687602717.000000,-12.770763,45.288895,21.765000
1687602718.000000,-12.770761,45.288900,21.769000
1687602719.000000,-12.770759,45.288904,21.767000
1687602720.000000,-12.770757,45.288908,21.779000
1687602721.000000,-12.770754,45.288913,21.778000
1687602722.000000,-12.770753,45.288917,21.777000
1687602723.000000,-12.770751,45.288921,21.770000
1687602724.000000,-12.770749,45.288924,21.785000
1687602725.000000,-12.770746,45.288929,21.777000
1687602726.000000,-12.770744,45.288933,21.774000
1687602727.000000,-12.770742,45.288937,21.775000
1687602728.000000,-12.770740,45.288941,21.780000
1687602729.000000,-12.770737,45.288944,21.770000
1687602730.000000,-12.770735,45.288948,21.785000
1687602731.000000,-12.770733,45.288952,21.782000
1687602732.000000,-12.770731,45.288956,21.770000
1687602733.000000,-12.770729,45.288959,21.761000
1687602734.000000,-12.770728,45.288962,21.757000
1687602735.000000,-12.770726,45.288966,21.751000
1687602736.000000,-12.770725,45.288970,21.760000
1687602737.000000,-12.770723,45.288973,21.754000
1687602738.000000,-12.770721,45.288978,21.752000
1687602739.000000,-12.770720,45.288981,21.756000
1687602740.000000,-12.770719,45.288985,21.750000
1687602741.000000,-12.770718,45.288989,21.760000
1687602742.000000,-12.770717,45.288993,21.760000
1687602743.000000,-12.770716,45.288997,21.753000
1687602744.000000,-12.770716,45.289001,21.748000
1687602745.000000,-12.770715,45.289006,21.754000
1687602746.000000,-12.770714,45.289010,21.767000
1687602747.000000,-12.770713,45.289014,21.741000
1687602748.000000,-12.770711,45.289019,21.748000
1687602749.000000,-12.770710,45.289024,21.755000
1687602750.000000,-12.770709,45.289028,21.768000
1687602751.000000,-12.770708,45.289033,21.759000
1687602752.000000,-12.770707,45.289038,21.754000
1687602753.000000,-12.770705,45.289043,21.748000
1687602754.000000,-12.770704,45.289048,21.764000
1687602755.000000,-12.770703,45.289053,21.779000
1687602756.000000,-12.770701,45.289058,21.773000
1687602757.000000,-12.770700,45.289063,21.757000
1687602758.000000,-12.770698,45.289068,21.755000
1687602759.000000,-12.770697,45.289073,21.768000
1687602760.000000,-12.770696,45.289078,21.761000
1687602761.000000,-12.770695,45.289082,21.768000
1687602762.000000,-12.770694,45.289087,21.769000
1687602763.000000,-12.770693,45.289091,21.765000
1687602764.000000,-12.770691,45.289095,21.759000
1687602765.000000,-12.770690,45.289099,21.762000
1687602766.000000,-12.770689,45.289103,21.758000
1687602767.000000,-12.770688,45.289107,21.763000
1687602768.000000,-12.770686,45.289112,21.751000
1687602769.000000,-12.770685,45.289116,21.763000
1687602770.000000,-12.770683,45.289120,21.758000
1687602771.000000,-12.770682,45.289124,21.761000
1687602772.000000,-12.770680,45.289128,21.761000
1687602773.000000,-12.770678,45.289132,21.766000
1687602774.000000,-12.770677,45.289136,21.775000
1687602775.000000,-12.770675,45.289139,21.771000
1687602776.000000,-12.770674,45.289143,21.778000
1687602777.000000,-12.770673,45.289148,21.767000
1687602778.000000,-12.770671,45.289151,21.773000
1687602779.000000,-12.770669,45.289155,21.775000
1687602780.000000,-12.770668,45.289159,21.771000
1687602781.000000,-12.770666,45.289163,21.777000
1687602782.000000,-12.770665,45.289167,21.776000
1687602783.000000,-12.770664,45.289171,21.770000
1687602784.000000,-12.770663,45.289175,21.771000
1687602785.000000,-12.770661,45.289179,21.770000
1687602786.000000,-12.770660,45.289182,21.773000
1687602787.000000,-12.770658,45.289186,21.770000
1687602788.000000,-12.770656,45.289190,21.770000
1687602789.000000,-12.770654,45.289194,21.769000
1687602790.000000,-12.770653,45.289197,21.764000
1687602791.000000,-12.770651,45.289201,21.777000
1687602792.000000,-12.770650,45.289205,21.781000
1687602793.000000,-12.770648,45.289209,21.774000
1687602794.000000,-12.770647,45.289213,21.769000
1687602795.000000,-12.770645,45.289216,21.766000
1687602796.000000,-12.770644,45.289220,21.772000
1687602797.000000,-12.770642,45.289223,21.773000
1687602798.000000,-12.770640,45.289227,21.773000
1687602799.000000,-12.770638,45.289230,21.776000
1687602800.000000,-12.770636,45.289233,21.778000
1687602801.000000,-12.770634,45.289236,21.780000
1687602802.000000,-12.770633,45.289239,21.772000
1687602803.000000,-12.770631,45.289242,21.780000
1687602804.000000,-12.770629,45.289245,21.772000
1687602805.000000,-12.770626,45.289247,21.777000
1687602806.000000,-12.770624,45.289250,21.772000
1687602807.000000,-12.770622,45.289253,21.775000
1687602808.000000,-12.770620,45.289255,21.770000
1687602809.000000,-12.770618,45.289258,21.778000
1687602810.000000,-12.770616,45.289260,21.769000
1687602811.000000,-12.770614,45.289262,21.767000
1687602812.000000,-12.770612,45.289264,21.774000
1687602813.000000,-12.770610,45.289267,21.775000
1687602814.000000,-12.770608,45.289269,21.771000
1687602815.000000,-12.770606,45.289271,21.773000
1687602816.000000,-12.770604,45.289273,21.777000
1687602817.000000,-12.770603,45.289275,21.784000
1687602818.000000,-12.770601,45.289276,21.768000
1687602819.000000,-12.770599,45.289278,21.773000
1687602820.000000,-12.770597,45.289279,21.774000
1687602821.000000,-12.770596,45.289281,21.767000
1687602822.000000,-12.770594,45.289283,21.777000
1687602823.000000,-12.770593,45.289284,21.769000
1687602824.000000,-12.770592,45.289286,21.768000
1687602825.000000,-12.770590,45.289287,21.771000
1687602826.000000,-12.770589,45.289289,21.764000
1687602827.000000,-12.770589,45.289290,21.768000
1687602828.000000,-12.770588,45.289292,21.765000
1687602829.000000,-12.770587,45.289293,21.767000
1687602830.000000,-12.770587,45.289295,21.768000
1687602831.000000,-12.770587,45.289296,21.771000
1687602832.000000,-12.770587,45.289298,21.771000
1687602833.000000,-12.770587,45.289299,21.780000
1687602834.000000,-12.770587,45.289301,21.765000
1687602835.000000,-12.770586,45.289302,21.748000
1687602836.000000,-12.770587,45.289304,21.747000
1687602837.000000,-12.770587,45.289305,21.747000
1687602838.000000,-12.770587,45.289307,21.753000
1687602839.000000,-12.770587,45.289309,21.746000
1687602840.000000,-12.770587,45.289310,21.755000
1687602841.000000,-12.770587,45.289312,21.755000
1687602842.000000,-12.770587,45.289313,21.759000
1687602843.000000,-12.770588,45.289315,21.756000
1687602844.000000,-12.770588,45.289316,21.766000
1687602845.000000,-12.770589,45.289317,21.770000
1687602846.000000,-12.770589,45.289319,21.761000
1687602847.000000,-12.770590,45.289320,21.771000
1687602848.000000,-12.770590,45.289321,21.759000
1687602849.000000,-12.770590,45.289321,21.761000
1687602850.000000,-12.770591,45.289322,21.764000
1687602851.000000,-12.770591,45.289322,21.762000
1687602852.000000,-12.770591,45.289323,21.758000
1687602853.000000,-12.770591,45.289323,21.767000
1687602854.000000,-12.770591,45.289324,21.767000
1687602855.000000,-12.770591,45.289325,21.775000
1687602856.000000,-12.770592,45.289326,21.763000
1687602857.000000,-12.770592,45.289327,21.765000
1687602858.000000,-12.770592,45.289327,21.759000
1687602859.000000,-12.770592,45.289328,21.769000
1687602860.000000,-12.770592,45.289328,21.758000
1687602861.000000,-12.770592,45.289329,21.771000
1687602862.000000,-12.770592,45.289330,21.761000
1687602863.000000,-12.770592,45.289331,21.763000
1687602864.000000,-12.770592,45.289331,21.756000
1687602865.000000,-12.770592,45.289332,21.752000
1687602866.000000,-12.770592,45.289334,21.753000
1687602867.000000,-12.770592,45.289335,21.761000
1687602868.000000,-12.770592,45.289336,21.766000
1687602869.000000,-12.770592,45.289337,21.762000
1687602870.000000,-12.770591,45.289338,21.756000
1687602871.000000,-12.770591,45.289339,21.765000
1687602872.000000,-12.770590,45.289340,21.759000
1687602873.000000,-12.770590,45.289341,21.745000
1687602874.000000,-12.770589,45.289341,21.756000
1687602875.000000,-12.770588,45.289342,21.753000
1687602876.000000,-12.770588,45.289343,21.763000
1687602877.000000,-12.770587,45.289344,21.759000
1687602878.000000,-12.770586,45.289344,21.766000
1687602879.000000,-12.770585,45.289345,21.756000
1687602880.000000,-12.770584,45.289345,21.761000
1687602881.000000,-12.770584,45.289345,21.752000
1687602882.000000,-12.770583,45.289346,21.761000
1687602883.000000,-12.770582,45.289346,21.763000
1687602884.000000,-12.770581,45.289346,21.759000
1687602885.000000,-12.770581,45.289345,21.762000
1687602886.000000,-12.770580,45.289345,21.754000
1687602887.000000,-12.770578,45.289344,21.760000
1687602888.000000,-12.770577,45.289344,21.752000
1687602889.000000,-12.770576,45.289343,21.761000
1687602890.000000,-12.770575,45.289342,21.760000
1687602891.000000,-12.770573,45.289341,21.754000
1687602892.000000,-12.770571,45.289340,21.755000
1687602893.000000,-12.770569,45.289338,21.756000
1687602894.000000,-12.770566,45.289336,21.751000
1687602895.000000,-12.770564,45.289334,21.745000
1687602896.000000,-12.770562,45.289333,21.744000
1687602897.000000,-12.770560,45.289331,21.747000
1687602898.000000,-12.770558,45.289329,21.754000
1687602899.000000,-12.770556,45.289327,21.749000
1687602900.000000,-12.770554,45.289326,21.744000
1687602901.000000,-12.770552,45.289324,21.744000
1687602902.000000,-12.770550,45.289323,21.744000
1687602903.000000,-12.770548,45.289323,21.733000
1687602904.000000,-12.770546,45.289322,21.751000
1687602905.000000,-12.770545,45.289322,21.749000
1687602906.000000,-12.770544,45.289321,21.745000
1687602907.000000,-12.770542,45.289321,21.745000
1687602908.000000,-12.770541,45.289321,21.754000
1687602909.000000,-12.770540,45.289321,21.742000
1687602910.000000,-12.770539,45.289321,21.750000
1687602911.000000,-12.770539,45.289322,21.752000
1687602912.000000,-12.770538,45.289322,21.736000
1687602913.000000,-12.770537,45.289322,21.746000
1687602914.000000,-12.770537,45.289322,21.751000
1687602915.000000,-12.770536,45.289322,21.748000
1687602916.000000,-12.770535,45.289322,21.742000
1687602917.000000,-12.770533,45.289322,21.738000
1687602918.000000,-12.770532,45.289322,21.753000
1687602919.000000,-12.770530,45.289322,21.758000
1687602920.000000,-12.770529,45.289322,21.749000
1687602921.000000,-12.770527,45.289322,21.761000
1687602922.000000,-12.770526,45.289322,21.749000
1687602923.000000,-12.770525,45.289322,21.737000
1687602924.000000,-12.770524,45.289322,21.753000
1687602925.000000,-12.770523,45.289323,21.752000
1687602926.000000,-12.770521,45.289323,21.741000
1687602927.000000,-12.770520,45.289323,21.745000
1687602928.000000,-12.770519,45.289324,21.742000
1687602929.000000,-12.770517,45.289324,21.747000
1687602930.000000,-12.770516,45.289325,21.744000
1687602931.000000,-12.770514,45.289325,21.743000
1687602932.000000,-12.770512,45.289326,21.746000
1687602933.000000,-12.770511,45.289327,21.735000
1687602934.000000,-12.770509,45.289327,21.744000
1687602935.000000,-12.770508,45.289328,21.760000
1687602936.000000,-12.770506,45.289329,21.756000
1687602937.000000,-12.770505,45.289330,21.757000
1687602938.000000,-12.770504,45.289330,21.761000
1687602939.000000,-12.770503,45.289331,21.767000
1687602940.000000,-12.770502,45.289332,21.755000
1687602941.000000,-12.770500,45.289333,21.746000
1687602942.000000,-12.770499,45.289334,21.756000
1687602943.000000,-12.770498,45.289335,21.761000
1687602944.000000,-12.770496,45.289336,21.764000
1687602945.000000,-12.770494,45.289337,21.762000
1687602946.000000,-12.770492,45.289339,21.759000
1687602947.000000,-12.770490,45.289340,21.747000
1687602948.000000,-12.770488,45.289342,21.769000
1687602949.000000,-12.770486,45.289343,21.755000
1687602950.000000,-12.770483,45.289345,21.759000
1687602951.000000,-12.770481,45.289347,21.765000
1687602952.000000,-12.770479,45.289348,21.769000
1687602953.000000,-12.770476,45.289350,21.773000
1687602954.000000,-12.770474,45.289353,21.769000
1687602955.000000,-12.770472,45.289355,21.771000
1687602956.000000,-12.770470,45.289357,21.778000
1687602957.000000,-12.770468,45.289360,21.771000
1687602958.000000,-12.770466,45.289362,21.761000
1687602959.000000,-12.770464,45.289365,21.765000
1687602960.000000,-12.770462,45.289368,21.775000
1687602961.000000,-12.770461,45.289371,21.791000
1687602962.000000,-12.770459,45.289375,21.797000
1687602963.000000,-12.770458,45.289378,21.792000
1687602964.000000,-12.770456,45.289381,21.772000
1687602965.000000,-12.770455,45.289385,21.786000
1687602966.000000,-12.770454,45.289389,21.786000
1687602967.000000,-12.770453,45.289392,21.771000
1687602968.000000,-12.770452,45.289396,21.766000
1687602969.000000,-12.770451,45.289401,21.762000
1687602970.000000,-12.770449,45.289406,21.775000
1687602971.000000,-12.770448,45.289410,21.763000
1687602972.000000,-12.770448,45.289415,21.761000
1687602973.000000,-12.770447,45.289419,21.775000
1687602974.000000,-12.770447,45.289423,21.771000
1687602975.000000,-12.770447,45.289428,21.768000
1687602976.000000,-12.770447,45.289432,21.772000
1687602977.000000,-12.770448,45.289437,21.776000
1687602978.000000,-12.770450,45.289442,21.769000
1687602979.000000,-12.770451,45.289446,21.770000
1687602980.000000,-12.770452,45.289450,21.773000
1687602981.000000,-12.770453,45.289453,21.762000
1687602982.000000,-12.770455,45.289457,21.769000
1687602983.000000,-12.770457,45.289460,21.767000
1687602984.000000,-12.770459,45.289464,21.761000
1687602985.000000,-12.770462,45.289467,21.765000
1687602986.000000,-12.770464,45.289469,21.760000
1687602987.000000,-12.770468,45.289472,21.753000
